0	2	5	11

1	4	8

2	0	3	14

3	2	6	10

4	1	5	15

5	0	4	11	19

6	3	7	12

7	6	13	17

8	1	15

9	13

10	3	12	18

11	0	5	14	21

12	6	10	17	22

13	7	9	16	20

14	2	11	18

15	4	8	19

16	13	25

17	7	12	20	24

18	10	14	22	27

19	5	15	21	29

20	13	17	25	28

21	11	19	23

22	12	18	24	31

23	21	27	35

24	17	22	28

25	16	20	26	30

26	25	32

27	18	23	31	36

28	20	24	30	37

29	19	33	35

30	25	28	32	40

31	22	27	34	39

32	26	30	45

33	29	42	43

34	31	37	44

35	23	29	41

36	27	38	41

37	28	34	40	47

38	36	39	46

39	31	38	44

40	30	37	45	52

41	35	36	46	49

42	33	48	50

43	33	49	51

44	34	39	47	56

45	32	40	54

46	38	41	56

47	37	44	52	57

48	42	58	61

49	41	43	53	55

50	42	51	58

51	43	50	55

52	40	47	54

53	49	63	72

54	45	52	67	68

55	49	51	59

56	44	46	64

57	47	64	65

58	48	50	61	66

59	55	63	66

60	61	62

61	48	58	60	70

62	60	80

63	53	59	69	71

64	56	57	72	73

65	57	67	73

66	58	59	70

67	54	65	68	74

68	54	67

69	63	76	77

70	60	66	79

71	63	75	77

72	53	64	78	82

73	64	65	74

74	67	73	87

75	71	82	83

76	69	79	89

77	69	71	92

78	72	84	87

79	70	76	80	85

80	62	79	81

81	80

82	72	75	84	86

83	75	93	95

84	78	82	90	91

85	79	88	89

86	82	90	97

87	74	78	91	100

88	85	103

89	76	85

90	84	86	94

91	84	87	94	99

92	77	93

93	83	92	96

94	90	91	101

95	83	97	98

96	93	98	105

97	86	95	104	106

98	95	96	106

99	91	100

100	87	99

101	94	104

102	103

103	88	102	105

104	97	101	106

105	96	103	106

106	97	98	104	105

